coordinate: 45.66376120802216 2.984654609540571
timeRange: 2015-01-01, 2024-09-04